12.3 12.3
19.8 19.8
17.0 17.0
16.8 16.8
22.1 22.1
14.8 14.8
22.4 22.4
19.3 19.3
24.1 24.1
23.1 23.1
19.5 19.5
14.0 14.0
25.2 25.2
22.3 22.3
19.1 19.1
19.7 19.7
16.7 16.7
32.1 32.1
20.3 20.3
20.0 20.0
15.7 15.7
21.0 21.0
26.3 26.3
11.3 11.3
28.0 28.0
25.4 25.4
16.8 16.8
26.9 26.9
23.5 23.5
25.5 25.5
18.3 18.3
12.3 12.3
29.5 29.5
22.2 22.2
24.7 24.7
28.0 28.0
22.2 22.2
20.8 20.8
26.5 26.5
14.6 14.6
18.8 18.8
13.1 13.1
16.3 16.3
18.0 18.0
13.8 13.8
19.0 19.0
28.6 28.6
13.8 13.8
17.8 17.8
26.3 26.3
21.3 21.3
24.1 24.1
26.4 26.4
22.8 22.8
11.7 11.7
19.1 19.1
18.5 18.5
16.5 16.5
22.6 22.6
16.4 16.4
13.4 13.4
15.6 15.6
20.6 20.6
18.1 18.1
19.7 19.7
18.7 18.7
20.3 20.3
19.6 19.6
17.3 17.3
18.3 18.3
27.1 27.1
20.0 20.0
21.9 21.9
25.7 25.7
18.5 18.5
25.5 25.5
21.9 21.9
17.2 17.2
16.0 16.0
23.1 23.1
27.1 27.1
20.1 20.1
13.7 13.7
20.9 20.9
25.1 25.1
16.2 16.2
28.4 28.4
18.4 18.4
25.3 25.3
21.9 21.9
21.4 21.4
21.0 21.0
22.9 22.9
18.9 18.9
15.9 15.9
22.0 22.0
17.4 17.4
9.2 9.2
26.1 26.1
19.7 19.7
30.0 30.0
